Run0	0.1491520108181337	0.02313798739579737	0.012877219706440676	0.16414051768336327	0.19185846577652674	0.22105979766865883	0.10260236433944772	0.005681431945168682	0.10310412441481943	0.02638608025164366	
Run1	0.10952976509043179	0.0768468912077285	0.05878706167210182	0.15010031149023426	0.25154324422539287	0.2544858370818635	0.04366850002466732	0.000251599661520628	0.04105846036585475	0.01372832918020468	
Run2	0.13621560962536572	0.025448023852060155	0.02193796959414075	0.15835876582851766	0.2126788241400479	0.21494285777483715	0.07976347237693199	0.028406147091567482	0.09507631298839021	0.02717201672814094	
Run3	0.10205257357596606	0.08029318162044081	0.05752135811030341	0.12135414927417493	0.24973744352656332	0.25083556253680517	0.04820863470532321	0.0018670376468891924	0.056704335172436775	0.03142572383109694	
Run4	0.10680145764831771	0.05028426795443379	0.025079492655621514	0.1508775233428082	0.184009852646901	0.2459705911328176	0.045166926871573615	0.05611927802785075	0.08967661674220763	0.04601399297746805	
Run5	0.10852949628351939	0.06668411552297109	0.06000693555025008	0.11823525187627298	0.18370297935030527	0.238348099591227	0.0960059070336211	0.011486370197705863	0.06529582951424819	0.05170501507987905	
Run6	0.09219444291817101	0.07632332551694651	0.032252798657846304	0.12838915311604296	0.17417069045499348	0.19374309609067122	0.019851405574754337	0.033181046410488475	0.12788922894533264	0.12200481231475291	
Run7	0.11292851103062411	0.06555332314711357	0.03221676166126938	0.14803116957705897	0.18236661670045204	0.22763992746839573	0.08636551050781995	0.01809235295270056	0.08730612404359075	0.03949970291097499	
Run8	0.057880893615824394	0.052762496398118246	0.0318118743628221	0.09524782500672861	0.16349602860838067	0.24538914696823616	0.01903310625031112	0.019404138006002557	0.16446847912281282	0.15050601166076322	
Run9	0.11409963050842266	0.018078567537781042	0.007322164234026102	0.1278727538324864	0.23709530357693334	0.2716000958148311	0.08666875833091511	0.01488078127164418	0.09199878455700604	0.030383160335954118	
Run10	0.13039188213377562	0.014974463961587187	0.002722793768504728	0.13869942612404598	0.2264011547336365	0.25161951998387705	0.08960447045834888	0.029340472368917268	0.09222285775668579	0.024022958710621052	
Run11	0.12502081491789227	0.04991661385077318	0.006547395729912786	0.15908156129621442	0.19329620217065266	0.2224484107870554	0.061994378486548915	0.02295150512505873	0.09604615537998215	0.06269696225590946	
Run12	0.06779559569967597	0.0673365309790223	0.05415471033924101	0.07463302944372745	0.2302633655448174	0.25089905043176874	0.027304438054760037	0.007762045235928163	0.11167971097618706	0.10817152329487187	
Run13	0.07579018568405732	0.06566388397488881	0.032791237131969464	0.12314464533961696	0.20091605087164532	0.2178625647717379	0.027017624019136537	0.057065323845616	0.10480971121057057	0.0949387731507611	
Run14	0.05915826788308031	0.031007117188619208	0.021934342176888007	0.08532535189034404	0.2412988779390448	0.2601833180222873	0.021091818623426163	0.04267468153618708	0.119877633236033	0.11744859150409019	
Run15	0.12216457172570058	0.035144218314451525	0.028695614274544385	0.15240714773820785	0.18406466344472772	0.24030224260878155	0.08958558347864427	0.01368628240167467	0.09085018525370951	0.04309949075955789	
Run16	0.08791040579092645	0.04394287545475385	0.05780365816323486	0.11442524198758389	0.21358856004454566	0.2543276021283292	0.08196818734397625	0.035730619834219504	0.0737408927158852	0.03656195653654516	
Run17	0.08933898631459264	0.021513817232909984	0.12226322627054466	0.10388022699053613	0.2363122626574584	0.3044639534884637	0.040494200001635006	0.020918454514104744	0.042443946729457276	0.01837092580029757	
Run18	0.10159682620899482	0.04806336775083556	0.014645491707518533	0.12613206850470027	0.18451779108841715	0.21965253642210503	0.03333539391668466	0.04244530432337679	0.1258149942103707	0.10379622586699642	
Run19	0.0870755163527734	0.04966892721678749	0.022965153023400464	0.13288694218035504	0.15659406987616326	0.26998063709781445	0.011430397395059284	0.05728014180552853	0.11155380783729665	0.10056440721482157	
Run20	0.22470140741783654	0.15216538223742881	0.02597604402054645	0.006524999471017825	0.07881466714972249	0.2060381096168624	0.011961854351793332	0.03691224026520071	0.13417306829996634	0.12273222716962504	
Run21	0.09335353061204658	0.07370925648193817	0.028073631939219117	0.12853390435921366	0.2422648516849076	0.2634312913456598	0.05520200417333228	0.010026628654357314	0.07216815893692374	0.03323674181240165	
Run22	0.1155908922835897	0.035764028227697225	0.027073380161669425	0.14521322181009172	0.17540533167707167	0.23272552841292957	0.1140998315875429	0.022309815631954007	0.06762842437270013	0.06418954583475385	
Run23	0.11715592086889205	0.0330756565029837	0.021458912821406616	0.12190893725405487	0.18874568865859687	0.21446899984367887	0.02689845072489378	0.01287653636095269	0.14061968972280325	0.12279120724173721	
Run24	0.192314846115712	0.031927120614301835	0.0011439031968968876	0.14536573660700636	0.1536913149257185	0.2141353696760664	0.09773858772891783	0.0017058627051727	0.0792008073197531	0.050851399437834274	
Run25	0.1350750147403563	0.04441815743365252	0.08855855299844341	0.051375694699362214	0.23514587924299696	0.282386976701464	0.024995306701501598	0.027618847919424313	0.06421948405865206	0.04620608550414673	
Run26	0.09643427352336514	0.0019543764601856425	0.09845208333844932	0.06863295830983071	0.21433246363057942	0.24154700431908221	0.08524080846318084	0.03787548960748163	0.1099078388417195	0.04562270350612554	
Run27	0.11320154557881004	0.041768787804204906	0.014230972164618395	0.12837889697635152	0.1606922022302557	0.21571135002527955	0.006825791729755808	0.04667307906568228	0.13669764728762984	0.13581972713741186	
Run28	0.11145874192494619	0.07360684721317846	0.051362758691402166	0.117008918081202	0.19448654386838582	0.20286880501829907	0.00465596076078809	0.012972817248895627	0.11680431527260032	0.11477429192030225	
Run29	0.1022998944170023	0.04573058975761417	0.026947358113767937	0.13665613729709933	0.20502680335279533	0.25740413736421636	0.07957939321837491	0.0140640163030325	0.08195595573245258	0.05033571444364447	
Run30	0.0996871357859211	0.055783200888423055	0.02487326400530197	0.12971667851523044	0.25290485251031386	0.26245533031328994	0.06025196535417174	0.015036090800020276	0.06465159747662219	0.03463988435070551	
Run31	0.11986727107458472	0.018279981262322904	0.0017836057690943728	0.1293883788183555	0.15959201692999217	0.23093692119345546	0.017010031111256107	0.030128788760134716	0.15363063074734845	0.13938237433345546	
Run32	0.11466003893879616	0.000743226560093335	0.12546378507195793	0.042866468569281585	0.1994617607839234	0.21969769185889199	0.013985955084968601	0.02030162231989419	0.1367931393875889	0.1260263114246039	
Run33	0.14011943966945312	0.049224399335003145	0.0326840627710751	0.13761190017568894	0.2016704481291147	0.22314914906997135	0.02237684020206735	0.0048180372948079435	0.14064060691564592	0.13126079986625938	
Run34	0.1025159286853301	0.023255888882965817	0.07786082940465419	0.11995031458831217	0.20709852473671056	0.24130703969771214	0.07462824898294089	0.03420253801530252	0.09620590708616217	0.02297477991990933	
Run35	0.09347026490048138	0.07714015599637412	0.01758699431002928	0.13860616778508203	0.22146819591235037	0.28749390914175793	0.013574935398233767	0.0212517405657849	0.07070007056732829	0.058707565422577906	
Run36	0.1164332091994785	0.05373284158245094	0.01582371866311093	0.16032301503486202	0.2036348036420448	0.23561095782754463	0.0778222985556403	0.004800142865998397	0.0793427514744319	0.05247626115443757	
Run37	0.11497604281699544	0.019725162497787052	0.01152624278701199	0.1314188154473192	0.21055142407742558	0.22676235497316036	0.0498832719328342	0.055680180985751886	0.09820106969071046	0.08127543479100391	
Run38	0.1518149298329366	0.06308247248478432	0.05306638988541209	0.10963646599319957	0.22458966632793564	0.2408402104135447	0.05850450719611209	0.029925386513169894	0.05926544477911799	0.009274526573787146	
Run39	0.14726669802200243	0.02128641136715419	0.015822765920335116	0.16147749215890547	0.19140484963398238	0.2240023117695025	0.00739519368141389	0.01345160848997466	0.14331792485809872	0.14159676793489095	
Run40	0.15048309176582253	0.016970828171392196	0.0023983953344809523	0.15777029933731757	0.17960259104607063	0.23533462143840003	0.09195235502829117	0.013786246738227563	0.09699580764637383	0.05470576349362348	
Run41	0.12339212570448217	0.040218783379242805	0.01340110278695504	0.1561231551503882	0.1728055982906391	0.24136236818316456	0.038823340137338326	0.0715477460679362	0.0771914179057169	0.0651343623941367	
Run42	0.10357280533953837	0.06459078053062425	0.0046884429753468685	0.1475171922367282	0.21895698088795787	0.3068447248793606	0.06421642431092493	0.013953586575865939	0.0649155734941334	0.010743488769519608	
Run43	0.12943037840878627	0.023551569941384423	0.0738860383429181	0.060825393770516066	0.22369447628005057	0.2247244265356154	0.07173314244159168	0.007230215743352032	0.12157233355959393	0.06335202497619154	
Run44	0.10179903777552425	0.03722282518230264	0.03128782410739745	0.1364639826363081	0.20644272395075688	0.2500480297997901	0.08837302959991475	0.02045963398127753	0.10697379942437532	0.020929113542353082	
Run45	0.13823237900622995	0.045516795299010517	0.019326429862480864	0.15807743144932837	0.2060174009617409	0.21304268663043416	0.06622272240933877	0.02706446020459872	0.0906448332122137	0.035854860964624	
Run46	0.11937320488410792	0.041014697126239986	0.029223896305094976	0.14974122355704692	0.18397010286239832	0.21275521742943493	0.013590053211738055	0.03593282161692681	0.11356433089978575	0.10083445210722639	
Run47	0.07778496420325426	0.05433263173577586	0.04045217775708514	0.12640084143873195	0.21475379107199644	0.23218223986695138	0.07137381173436631	0.004294009634916414	0.11825657980295894	0.060168952753963244	
Run48	0.1039913228290674	0.04250523448623703	0.0419271716983582	0.11227734931692025	0.19643325186832464	0.22331082519900006	0.034715076319196986	0.06961165989251818	0.09936638257856838	0.07586172581180879	
Run49	0.07908012795602981	0.047818929966939455	0.037872311231074846	0.11874218304867115	0.1961238803939042	0.23281540491230596	0.042105611957516456	0.051877232811973394	0.1155389161538313	0.07802540156775335	
